0.026031017303466797 0.193359375
0.062088727951049805 0.24492187499999998
0.09807229042053223 0.24492187499999998
0.1335287094116211 0.28359375
0.16951203346252441 0.30937499999999996
0.2050631046295166 0.30937499999999996
0.2398531436920166 0.348046875
0.27458643913269043 0.36093749999999997
0.3093433380126953 0.38671875
0.3440816402435303 0.399609375
0.3789653778076172 0.399609375
0.4137296676635742 0.399609375
0.44866514205932617 0.451171875
0.4837148189544678 0.4640625
0.5185027122497559 0.502734375
0.5532548427581787 0.502734375
0.5880773067474365 0.5285156249999999
0.6228182315826416 0.554296875
0.657564640045166 0.5671875
0.6923110485076904 0.5929687499999999
0.7270827293395996 0.605859375
0.7619163990020752 0.6187499999999999
0.7966678142547607 0.631640625
0.831411600112915 0.6574218749999999
0.8664309978485107 0.6574218749999999
0.9012486934661865 0.69609375
0.9359948635101318 0.708984375
0.9707236289978027 0.7218749999999999
1.0054583549499512 0.734765625
1.0406825542449951 0.760546875
1.0759780406951904 0.7734375
1.1113040447235107 0.7734375
1.1465446949005127 0.8121093749999999
1.1816074848175049 0.8121093749999999
1.216801643371582 0.8121093749999999
1.2518997192382812 0.8121093749999999
1.286957025527954 0.8121093749999999
1.322014570236206 0.8121093749999999
1.3575294017791748 0.8765624999999999
1.3927528858184814 0.9152343749999999
1.4279236793518066 0.9152343749999999
1.463165044784546 0.928125
1.4982292652130127 0.966796875
1.5332858562469482 0.9796874999999999
1.5685298442840576 1.00546875
1.6036851406097412 1.018359375
1.638861894607544 1.018359375
1.674252986907959 1.018359375
1.7095274925231934 1.044140625
1.7448551654815674 1.069921875
1.780099630355835 1.069921875
1.8151655197143555 1.10859375
1.8502702713012695 1.1214843749999999
1.8856661319732666 1.134375
1.9208457469940186 1.134375
1.9560153484344482 1.147265625
1.991213321685791 1.173046875
2.026399612426758 1.1859374999999999
2.0615570545196533 1.21171875
2.0968425273895264 1.224609375
2.1320600509643555 1.2374999999999998
2.1672396659851074 1.2374999999999998
2.202514171600342 1.2503906249999999
2.237588405609131 1.276171875
2.2726781368255615 1.276171875
2.307878017425537 1.3148437499999999
2.342951774597168 1.327734375
2.378148078918457 1.327734375
2.413356304168701 1.327734375
2.4485533237457275 1.353515625
2.485351324081421 1.3792968749999999
2.5204014778137207 1.3921875
2.555471181869507 1.3921875
2.5907201766967773 1.41796875
2.6259043216705322 1.4308593749999998
2.6610770225524902 1.4437499999999999
2.6963257789611816 1.4437499999999999
2.7314887046813965 1.456640625
2.766897678375244 1.482421875
2.80212664604187 1.482421875
2.8370258808135986 1.482421875
2.872100353240967 1.52109375
2.907322645187378 1.52109375
2.9425058364868164 1.533984375
2.9776737689971924 1.546875
3.0128703117370605 1.546875
3.048037528991699 1.5597656249999998
3.0831875801086426 1.585546875
3.118337631225586 1.5984375
3.153503656387329 1.5984375
3.188709259033203 1.5984375
3.2239701747894287 1.6242187499999998
3.2592074871063232 1.6371093749999999
3.294631242752075 1.6371093749999999
3.3295130729675293 1.65
3.3644909858703613 1.662890625
3.399559259414673 1.6886718749999998
3.4347176551818848 1.6886718749999998
3.469895362854004 1.7015624999999999
3.505202531814575 1.72734375
3.5403692722320557 1.740234375
3.5755186080932617 1.740234375
3.610713005065918 1.7531249999999998
3.645874261856079 1.7660156249999999
3.6810176372528076 1.791796875
3.716200113296509 1.8046875
3.7514007091522217 1.8046875
3.786559820175171 1.8304687499999999
3.821744441986084 1.843359375
3.8582491874694824 1.843359375
3.8939108848571777 1.843359375
3.9292964935302734 1.869140625
3.9645278453826904 1.8949218749999999
4.000810623168945 1.8949218749999999
4.035674095153809 1.9078125
4.070452451705933 1.93359375
4.105304002761841 1.9464843749999998
4.1401495933532715 1.9593749999999999
4.174922227859497 1.9593749999999999
4.209656476974487 1.9593749999999999
4.244387626647949 1.972265625
4.279122591018677 1.998046875
4.313855171203613 2.0109375
4.348585367202759 2.0109375
4.3834404945373535 2.03671875
4.418180465698242 2.0496093749999997
4.452936410903931 2.0496093749999997
4.487691402435303 2.0496093749999997
4.522427797317505 2.0496093749999997
4.5571558475494385 2.0496093749999997
4.591885089874268 2.0496093749999997
4.626630067825317 2.075390625
4.661404848098755 2.101171875
4.696250915527344 2.101171875
4.731285095214844 2.1140624999999997
4.766445875167847 2.13984375
4.801602125167847 2.152734375
4.836786508560181 2.152734375
4.872147083282471 2.152734375
4.9073474407196045 2.165625
4.942547082901001 2.1785156249999997
4.977705955505371 2.19140625
5.012988328933716 2.204296875
5.048654317855835 2.2171875
5.083818674087524 2.2171875
5.118842124938965 2.2429687499999997
5.153924942016602 2.2429687499999997
5.188971042633057 2.255859375
5.22402024269104 2.26875
5.259307384490967 2.26875
5.294672727584839 2.26875
5.32989764213562 2.281640625
5.36532735824585 2.281640625
5.400585651397705 2.3074218749999997
5.4357545375823975 2.3074218749999997
5.470958471298218 2.3074218749999997
5.506102561950684 2.3203125
5.541259765625 2.34609375
5.576409816741943 2.34609375
5.611567497253418 2.358984375
5.64672064781189 2.358984375
5.681906461715698 2.3718749999999997
5.717054128646851 2.3718749999999997
5.752218961715698 2.3718749999999997
5.787409067153931 2.384765625
5.8225626945495605 2.384765625
5.857864618301392 2.410546875
5.893283367156982 2.410546875
5.928482294082642 2.4234375
5.971348762512207 2.4234375
6.0064520835876465 2.4749999999999996
6.041514873504639 2.4749999999999996
6.076543807983398 2.4749999999999996
6.111464738845825 2.4749999999999996
6.146393537521362 2.4749999999999996
6.18129825592041 2.4749999999999996
6.2161643505096436 2.487890625
6.251032590866089 2.513671875
6.28601861000061 2.513671875
6.320936441421509 2.513671875
6.356094598770142 2.513671875
6.391433000564575 2.5265625
6.616623401641846 2.513671875
6.84183406829834 2.101171875
7.067000150680542 1.9593749999999999
7.292117118835449 1.869140625
7.517332553863525 1.8046875
7.7425312995910645 1.7660156249999999
7.967716455459595 1.740234375
8.192838430404663 1.6886718749999998
8.41832709312439 1.65
8.643721342086792 1.65
8.869235277175903 1.65
9.094238042831421 1.65
9.319618225097656 1.65
9.545040607452393 1.52109375
9.770476579666138 1.482421875
9.995878219604492 1.4437499999999999
10.22130823135376 1.4437499999999999
10.44678258895874 1.3921875
10.672091007232666 1.353515625
10.897538185119629 1.327734375
11.122957706451416 1.3148437499999999
11.348352432250977 1.276171875
11.5738046169281 1.276171875
11.799197673797607 1.2374999999999998
12.024517297744751 1.2374999999999998
12.249882221221924 1.1859374999999999
12.475339651107788 1.1859374999999999
12.700336694717407 1.147265625
12.925337076187134 1.134375
13.150284051895142 1.1214843749999999
13.37567925453186 1.0828125
13.601080656051636 1.069921875
13.826391458511353 1.044140625
14.051795959472656 1.018359375
14.27744436264038 1.018359375
14.502888441085815 1.00546875
14.728538513183594 0.9796874999999999
14.954005002975464 0.9796874999999999
15.179417371749878 0.9410156249999999
15.404871225357056 0.928125
15.630306959152222 0.9152343749999999
15.855846643447876 0.9152343749999999
16.0819308757782 0.90234375
16.307331562042236 0.8765624999999999
16.53243136405945 0.863671875
16.757508993148804 0.8121093749999999
16.982828855514526 0.8121093749999999
17.208227396011353 0.8121093749999999
17.4336678981781 0.8121093749999999
17.658998012542725 0.79921875
17.884392976760864 0.7734375
18.109853506088257 0.7734375
18.33592987060547 0.760546875
18.561516046524048 0.734765625
18.78733992576599 0.734765625
19.013882160186768 0.7218749999999999
19.239147424697876 0.7218749999999999
19.464930295944214 0.708984375
19.6900737285614 0.69609375
19.915040493011475 0.6703125
20.14101505279541 0.6574218749999999
20.367274522781372 0.6574218749999999
20.592316389083862 0.6574218749999999
20.817273139953613 0.631640625
21.04223871231079 0.631640625
21.267619848251343 0.6187499999999999
21.49310874938965 0.6187499999999999
21.718682289123535 0.6187499999999999
21.943845987319946 0.6187499999999999
22.1692533493042 0.6187499999999999
22.395435094833374 0.605859375
22.620712757110596 0.5929687499999999
22.845792531967163 0.5929687499999999
23.072362661361694 0.5671875
23.2975971698761 0.5671875
23.52294397354126 0.5671875
23.748988389968872 0.5671875
23.974002361297607 0.554296875
24.198971271514893 0.5285156249999999
24.423938274383545 0.5285156249999999
24.649155855178833 0.5285156249999999
